 10100010010010010010001001000000000000000001001001000000010100000000000000000000000000000000000000000000010010010
  1000010010010010010001001000000000000000001001001000000000100000000000000000000000000000000000000000000000010010
  1000010010010010010001001000000000000000001001001000000010010000000000000000000000000000000000000000000010100010
 10100010010010010010001001000000000000000001001001000000001010000000000000000000000000000000000000000000001000010
 10100010010010010010001001000000000000000001001001000000010010000000000000000000000000000000000000000000010100010
  1000010010010010010001001000000000000000001001001000000000010000000000000000000000000000000000000000000000100010
  1000010010010010010001001000000000000000001001001000000010100000000000000000000000000000000000000000000010000010
 10100010010010010010001001000000000000000001001001000000001000000000000000000000000000000000000000000000001000010
  1000010010010010010001001000000000000000001001001000000010100000000000000000000000000000000000000000000010000010
  1000010010010010010001001000000000000000001001001000000000100000000000000000000000000000000000000000000000000010
  1000010010010010010001001000000000000000001001001000000010000000000000000000000000000000000000000000000010101000
  1000010010010010010001001000000000000000001001001000000001000000000000000000000000000000000000000000000001010100
  1000010010010010010001001000000000000000001001001000000010000000000000000000000000000000000000000000000010101000
  1000010010010010010001001000000000000000001001001000000000000000000000000000000000000000000000000000000000101000
  1000010010010010010001001000000000000000001001001000000000000000000000000000000000000000100000000000000010101000
  1000010010010010010001001000000000000000001001000100000000010000000000000000000000000000000000000000000010000010
  1000010010010010010001001000000000000000001001001010000000010000100000000000000000000000000000000000000010010010
  1000010010010010010001001000000000000000001001001010000000010000101000000000000000000000000000000000000010100010
  1000010010010010010001001000000000000000001001001010000000010000010000000000000000000000000000000000000001010010
  1000010010010010010001001000000000000000001001001010000000010000100000000000000000000000000000000000000010010010
  1000010010010010010001001000000000000000001001001010000000010000101000000000000000000000000000000000000010100010
  1000010010010010010001001000000000000000001001001010000000010000101010000000000000000000000000000000000010100001
  1000010010010010010001001000000000000000001001001010000000010000101000000000000000000000000000000000000010100010
  1000010010010010010001001000000000000000001001001000000010100000010000000000000000000000000000000000000010010010
  1000010010010010010001001000000000000000001001001000000000100000010000000000000000000000000000000000000000010010
  1000010010010010010001001000000000000000001001001000000010010000010000000000000000000000000000000000000010100010
  1000010010010010010001001000000000000000001001001000000001010000010000000000000000000000000000000000000001000010
  1000010010010010010001001000000000000000001001001000000010010000010000000000000000000000000000000000000010100010
  1000010010010010010001001000000000000000001001001000000000010000010000000000000000000000000000000000000000100010
  1000010010010010010001001000000000000000001001001000000000010000100000000000000000000000000000000000000010100010
  1000010010010010010001001000000000000000001001001000000000010000101000000000000000000000000000000000000010100010
  1000010010010010010001001000000000000000001001001000000000010000101000000000000000000000000000001001001000001000
  1000010010010010010001001000000000000000001001001000000000010000101000000000000000000000000000000000000010100010
  1000010010010010010001001000000000000000001001001000000000010000101010000000000000000000000000000000000010101010
  1000010010010010010001001000000000000000001001001000000000010000101000000000000000000000000000000000000010100010
  1000010010010010010001001000000000000000001001000001000000010000010000000000000000000000000000000000000010010010
  1000010010010010010001001000000000000000001001000001000000010000100000000000000000000000000000000000000000100010
  1000010010010010010001001000000000000000001001000001000000010000101000000000000000000000000000000000000001010010
  1000010010010010010001001000000000000000001001000001000000010000000000000000000000000000000000000000000010010010
  1000010010010010010001001000000000000000001001000001000000010000010000000000000000000000000000000000000010010010
  1000010010010010010001001000000000000000001001001000000000000000000000000000000000000000100000000000000010101000
  1000010010010010010001001000000000000000001001001000000000000000000000000000000000000000000000000000000000101000
  1000010010010010010001001000000000000000001001001000000010000000000000000000000000000000000000000000000010101000
  1000010010010010010001001000000000000000001001001000000001000000000000000000000000000000000000000000000001010100
  1000010010010010010001001000000000000000001001001000000010000000000000000000000000000000000000000000000010101000
  1000010010010010010001001000000000000000001001001000000000100000000000000000000000000000000000000000000000000010
  1000010010010010010001001000000000000000001001001000000010100000000000000000000000000000000000000000000010000010
  1000010010010010010001001000000000000000001001001000000001000000000000000000000000000000000000000000000001000010
  1000010010010010010001001000000000000000001001001000000010100000000000000000000000000000000000000000000010000010
  1000010010010010010001001000000000000000001001001000000000010000000000000000000000000000000000000000000000100010
  1000010010010010010001001000000000000000001001001000000010010000000000000000000000000000000000000000000010100010
  1000010010010010010001001000000000000000001001000100000000010000000000000000000000000000000000000000000010000010
  1000010010010010010001001000000000000000001001001010000000010000101000000000000000000000000000000000000010100010
  1000010010010010010001001000000000000000001001001000000000010000101000000000000000000000000000000000000010100010
  1000010010010010010001001000000000000000001001000001000000010000010000000000000000000000000000000000000010010010
  1000010010010010010001001000000000000000001001001000000010010000000000000000000000000000000000000000000010100010
  1000010010010010010001001000000000000000001001001000000000010000000000000000000000000000000000000000000000100010
  1000010010010010010001001000000000000000001001001000000000010000100000000000000000000000000000000000000010100010
  1000010010010010010001001000000000000000001001001000000000010000000000000000000000000000000000000000000000100010
  1000010010010010010001001000000000000000001001001000000000010000010000000000000000000000000000000000000001000010
  1000010010010010010001001000000000000000001001001000000000010000010101000000000000000000000000000000000001010100
  1000010010010010010001001000000000000000001001001000000000010000100101000000000000000000000000000000000010101010
  1000010010010010010001001000000000000000001001001000000000010000101010000000000000000000000000000000000010000001
  1000010010010010010001001000000000000000001001001000000000010000000101000000000000000000000000000000000000101010
  1000010010010010010001001000000000000000001001001000000000010000100101000000000000000000000000000000000010101010
  1000010010010010010001001000000000000000001001001000000000010000000101000000000000000000000000000000000000101010
  1000010010010010010001001000000000000000001001001000000000010000000101000000000000000000000000001001001010100010
  1000010010010010010001001000000000000000001001001000000000010000000101000000000000000000000000000000000000101010
 10100010010010010010001001000000000000000000001001000000000010000000000000000000000000000000000000000000000000010